02718
02846
04020
01328
00562
01401
03794
02680
02574
00292
00251
02913
02843
02328
02761
02139
04102
02604
01576
01842
00464
00744
00591
03130
03416
03634
01349
01312
00661
01805
00956
04062
04150
02906
03952
01603
00310
02739
03879
01556
02745
01280
03876
01256
03865
01615
03233
00717
01351
00844
03049
00594
01990
00026
01278
04161
01444
02881
00541
03214
02769
04118
01392
01294
00050
03796
00694
02144
03914
02831
02288
01845
00028
02177
00337
04115
03023
02762
02847
02994
01590
01551
02644
02809
02295
02563
02340
02486
02171
01150
03532
00557
04101
04016
00791
02216
03552
03424
00274
01496
01417
02390
01540
03737
01656
03495
02110
03624
03361
02673
00853
03937
01964
04089
01005
00600
01462
00608
02037
00831
04047
00299
00653
03076
00317
00079
01160
00761
01485
03038
02560
01268
02768
03387
02163
02844
02120
02918
00286
00854
01068
01487
02356
01015
02543
00092
00757
00969
04015
02966
01918
01619
00339
03188
01239
02873
02452
03606
03508
01731
03466
04131
01778
03118
03137
00647
04122
03649
03855
00139
02859
03012
01867
02308
03943
00167
02451
00311
02353
00277
02029
02686
01455
03754
03309
02175
03371
00939
02726
01101
01262
01245
02728
02090
03907
02158
02647
03255
00170
03446
03254
02807
02423
03327
01391
00166
03119
02734
01168
03460
01682
00433
03849
03428
01232
00839
04073
00540
01610
02430
03332
02960
01347
00763
03146
01117
02408
00471
00567
03450
01393
03834
03107
03018
01703
03147
02004
00054
01282
00592
03681
04092
02939
00799
01260
03110
04172
01931
03766
00528
02782
04165
00576
03570
00764
02221
02197
03549
03284
03299
00201
01021
02358
01710
00976
01506
01755
00231
02457
02122
02878
02955
03517
00238
00228
03068
04051
02668
03229
02705
01843
03432
02243
01382
01523
00180
02723
01481
00525
01577
01916
01712
01642
00689
01450
04145
02300
01225
00719
03351
02729
01566
01588
03877
02310
00498
01011
03611
00794
01002
01474
03398
00650
00480
03178
01083
02206
02508
03510
00440
04159
00288
03728
02615
01057
00968
02710
03605
01870
02151
00964
02334
04069
02977
04108
00514
01865
00430
02909
01211
02621
01249
00863
01537
02318
03300
02623
03389
01201
02546
01186
03343
03988
00539
02613
02738
03001
04156
02367
02441
04117
02188
03949
02963
03557
00070
01227
03296
01844
01464
03413
01534
03538
02938
02763
03973
00620
03252
03886
01987
02583
02400
00536
00327
00775
01757
00053
01813
02024
01864
01279
02703
03034
04106
00983
03932
01212
03946
03872
00165
01691
00246
01363
02645
01955
02453
00961
01395
02146
00929
02324
01483
03129
01398
03698
01948
02806
02537
02558
03639
02371
00619
00928
02747
03262
02257
03421
00821
02518
02633
04175
03277
02311
00826
01701
01700
00243
02375
01338
03726
01061
00220
00072
03565
02778
04128
03656
01499
02444
03087
03353
01575
02001
03813
02167
02978
00234
02822
03215
00960
04001
01250
03183
03476
03558
01668
00921
03628
00323
03152
01098
00631
02694
01926
00597
00102
01681
01027
00306
03342
02635
00047
01521
02625
02057
00359
03186
01874
02552
04099
03434
02968
01465
02080
04022
03740
03485
04093
00287
03653
01989
03070
03133
00254
01939
01451
02497
00278
01767
00194
00531
00033
00314
00104
03526
01037
03344
02282
01846
01667
01093
00830
03074
00587
01383
03211
00022
03293
03851
01247
03667
02410
02106
03826
01059
03083
02753
03566
02787
01356
03901
02924
02460
00358
00975
02435
02348
00673
00370
01835
02664
02564
02903
00971
02758
01988
01103
01402
01276
00805
03556
02270
01200
04133
00684
01196
04058
02411
00933
01173
03736
02595
04059
01572
00951
02743
02209
01107
03283
01986
02620
00012
00151
01058
02357
00676
00537
01828
02900
03609
00588
02454
02805
00115
03084
00580
01269
02545
02965
02247
03267
04006
03497
00488
00693
01126
00333
00803
03145
03983
02322
00392
00634
02677
01777
03042
00441
03705
00200
00010
02815
03810
03456
02316
01628
03099
02505
00755
01774
03016
00704
00346
00713
03684
03499
00029
02128
01890
03143
03560
02912
03734
03471
02887
02697
01248
03787
01905
01293
02857
00390
00157
01897
04095
02254
01641
00071
02927
01109
00059
00934
01807
00598
03909
00688
04132
00603
02512
01782
00142
00519
03022
01016
00721
03241
03804
00496
02085
03591
02002
01119
01466
02875
01863
00734
01062
01284
02082
03748
00508
00629
00554
03197
02764
01214
01999
01538
00007
03140
00870
04007
00743
01600
01679
02757
00698
01364
01951
02464
01204
02404
02681
02813
00425
03403
01683
00478
03970
01714
03274
00571
02227
02838
02429
03047
02646
01259
04154
00391
01584
00138
03599
00348
02476
00665
00140
01598
02154
01463
03014
00037
01403
01396
00991
01508
00302
04192
02052
03735
03199
03657
02921
04187
01238
00893
00326
00020
02226
03059
00736
02202
01303
04076
02223
00399
01267
03602
00914
03704
00774
00715
01192
01595
01794
00828
03884
03832
00470
00124
02935
00415
01234
03823
01733
02199
04080
03305
02572
00533
01644
02259
01321
02839
02802
04114
02303
00613
00486
02109
00295
02987
02810
00013
03209
01559
01373
04053
01899
01183
02817
01620
01662
01943
03979
02332
03123
00044
00233
00297
03259
02084
00125
00062
02262
02979
00882
02523
03676
00494
02842
02323
03405
03080
03550
01693
03871
00846
02760
03781
03448
01530
02665
01064
00161
00985
00648
04173
02061
03031
03711
01158
03108
00946
01099
02091
02898
02520
00225
02920
00174
03991
01958
01460
01308
02137
03032
02985
03236
00420
02893
00190
00739
01476
00548
01910
03414
01118
03464
01963
03459
00385
01674
03984
00075
02488
00504
00451
02325
01637
03427
01851
01494
03232
01949
01372
00890
01653
01433
03223
00552
03288
02203
00136
02088
00644
01025
04078
00535
02598
03092
02009
01216
00357
00641
00808
00077
02692
03000
01078
02590
00195
00977
03512
02655
02818
02483
02988
02035
02953
00343
02170
03039
00695
04046
02212
01413
04126
02431
01096
01761
01296
01317
03439
00798
03760
03525
01479
02283
03771
03622
03481
01207
04116
04030
03294
03397
03452
01129
03035
02034
03576
03706
02159
01806
00152
02242
03139
03082
02193
00927
01971
03930
03217
00304
00908
02201
03977
01892
02385
03322
00788
02916
03054
03011
03096
00355
02073
00143
02696
00120
02345
03106
01258
02752
00342
00832
01790
00881
00751
03057
01159
01072
02609
00651
03636
01627
04135
00950
02785
02715
02585
01625
01439
03815
02584
01152
02008
01244
00365
00450
03458
02074
01189
04188
00866
03500
03910
02759
01334
01717
01543
03237
03682
03240
03275
02654
00186
03948
03769
00249
00510
02629
02115
02713
01965
00216
01921
03201
02509
02514
01141
01306
02309
01849
01650
00179
01007
03580
02033
02067
02319
01930
02437
03662
00913
03830
02372
00105
01649
02899
01482
01631
01122
02043
03504
03805
01583
03273
01887
03772
01801
01720
00754
03195
01132
03334
02820
00247
00162
00024
01798
03743
03687
02189
01969
02028
02465
02775
02986
01612
02039
02275
03936
01388
01092
02800
02169
02569
03858
03802
03551
01935
02792
01228
03895
00153
02007
02793
03407
02207
02397
03881
03780
01050
00820
04048
00372
01004
01178
02383
03598
01966
00773
02990
03346
02219
00710
01163
01520
03311
00188
00786
01051
00014
01307
00039
02742
04026
00041
01139
00784
00683
01209
02777
01045
00043
03053
02258
04100
02266
03162
01861
00221
00127
03603
00253
00896
01929
03703
01111
02751
03572
00213
02425
00818
03626
00181
00538
03242
03185
01377
02706
00570
00456
02504
01161
02922
00691
02094
01795
03524
03864
02619
00067
00068
01815
03060
00560
00011
03061
01596
00574
00628
03134
01847
03282
01039
00237
00506
03584
00347
04179
03531
02040
02902
01811
01434
03544
00291
02784
02834
01956
02304
01728
03090
02771
00838
02343
02862
03280
01692
01263
00670
03091
03829
01698
00427
00730
03929
01979
03124
02230
04002
02478
03812
03312
03383
00242
01909
00116
00550
01202
03801
04012
00748
00766
01569
00779
01622
00716
00414
00679
02617
03443
01143
00328
01651
00374
01529
01671
01526
00621
03373
03159
00659
03778
00122
03394
02587
01313
00589
02436
03680
01498
02149
01629
04067
02711
01357
00409
02284
01689
01034
03607
00513
02722
03717
03773
03690
03998
02779
01917
03590
01764
02218
04169
00387
02250
01511
01702
00938
00516
03225
00762
00869
04064
02190
03516
02396
01497
03243
00829
00584
00373
01468
03759
03386
02101
01925
00995
01522
01184
02891
00945
03261
00797
03720
03355
03546
03030
02131
03302
03853
03150
00841
03088
03171
03269
00787
01409
01427
02911
03658
01658
04042
02050
01469
02773
00668
01266
02648
00129
03303
01722
03571
03050
01635
02301
03942
00109
01047
01333
00395
00549
00016
02354
03536
03908
03868
01885
01567
01585
02542
02393
01539
02566
03117
00250
02853
00065
02276
02952
01884
03111
00765
03547
02317
03616
03151
03847
03406
03339
00313
01817
00091
01940
03795
04178
00637
01019
03827
04039
00756
01932
03797
02072
01746
03488
00848
01374
03182
01820
00089
00622
03078
02660
03149
00534
03569
02997
03156
01154
02880
03800
02019
01545
03733
03862
01171
02246
00735
03205
00002
02081
03258
01609
01793
03741
03619
03175
00260
04045
00527
02157
04000
01378
02070
01886
01879
00593
01803
03861
01677
00972
01029
00895
01138
02000
01457
01857
00325
04177
01473
01484
02125
00692
03065
02126
01254
00475
03017
03637
03509
02527
00672
01995
01221
02788
03298
03664
03925
01049
03828
03863
01024
01927
03126
01425
01594
00517
00618
00147
01283
02361
01504
02637
02238
00553
03422
01149
02487
00459
03198
00583
03193
01442
03015
00556
01124
00812
02659
03227
03635
03257
02640
03882
03268
03028
00199
02104
01318
01880
01913
00469
01123
00816
01326
03420
00703
01271
01453
03356
02439
00074
00745
01108
04086
02925
00573
01582
03874
02612
00410
02685
03027
01461
04124
01802
00643
03056
00465
03701
00386
01376
04005
03600
00332
02576
00997
02914
00843
02559
01142
03364
01732
01360
01243
01568
02381
00204
01102
02168
00999
01052
03652
01655
00627
02290
01367
04146
01073
00417
00132
02405
02048
03310
00369
01255
02930
04057
03451
00606
01924
02089
03021
02719
00663
04043
00511
03866
03685
01518
02056
02473
01706
01533
00879
00361
01707
04151
01448
00814
03757
03950
01525
00319
02178
01100
01397
01033
00604
03079
02724
04038
03940
01295
02926
00685
04182
02981
03672
00073
00871
00416
02389
04197
03518
00569
02214
01888
00923
01352
00367
03994
03837
00905
01121
01783
04196
00108
01954
02447
00217
02814
03045
02849
00411
04054
00633
02841
01903
03617
02614
01486
02976
00439
00617
03144
02036
00155
01423
02370
01654
02989
03265
01343
03323
01730
00664
03963
01640
00257
00864
01180
00061
02479
03136
00005
02448
01633
01944
02388
02314
01513
02469
02848
03620
00616
00275
00008
03913
03747
02568
03224
00121
00224
02472
00873
00819
04041
01148
01982
02099
02492
02772
00384
03730
03222
02150
02474
02744
01552
02053
02313
01233
00973
03707
00678
01670
02135
02458
03965
00949
01136
00900
01680
00614
01023
01088
03961
01412
02750
02296
01157
02485
02462
04091
04065
03746
01512
02961
03244
00156
01445
00686
03905
00944
02191
00639
02239
00448
00733
03158
01415
02285
03825
02236
02950
02263
03981
02580
02774
02541
00111
03447
00978
01036
02671
01841
03985
03534
03081
02335
02707
00912
00955
00902
01257
02368
00255
00338
02402
03513
00443
02811
02145
01519
01579
04023
02956
04123
03663
02808
04185
01821
02885
03695
03266
04168
00135
01411
04031
01113
00521
00354
02895
03523
00210
01799
00432
03691
00904
00261
01881
01134
02652
01370
02890
03341
04027
00880
02506
02502
00096
03174
01493
01339
01097
02602
03370
02172
01725
02045
03089
00296
00226
00611
01169
03870
03180
01507
01688
02746
00119
01768
00145
01112
01854
00850
01715
01613
01718
02232
00897
03492
00269
00888
01711
01350
00093
04130
02789
02265
01253
02231
03803
01502
03114
00038
00003
02951
03071
02164
02102
02132
02501
00861
01836
01104
02419
03315
01743
03487
03739
01471
04018
00192
01872
00088
01776
00160
03392
00263
02420
04066
02021
00009
04087
01009
01116
01067
03638
02182
03333
01618
03824
03586
02060
03511
02005
02827
01418
02075
03917
03382
00490
04050
02141
00759
03806
03069
03774
01090
01827
02224
01086
01978
01781
01823
03716
00500
03276
00244
01091
01809
03408
00577
01028
03702
01420
01756
00840
02544
02118
00544
03474
03359
02662
04004
00800
03372
03528
02030
00214
00605
00632
04010
01826
03660
00402
03437
01348
02392
00990
03400
01501
01792
00032
01869
02107
04119
03062
00272
00542
00563
02307
00974
02825
02403
01751
03007
03285
01069
03003
01937
01957
00353
02632
00208
03409
01695
01882
02503
03238
02025
03013
01010
00696
02795
02291
03899
03102
00281
02299
02528
01265
01055
03354
03498
02670
02725
02852
02281
01127
02417
03253
03921
00867
03426
01366
04142
01996
03686
04071
01426
00962
02493
00711
00437
03833
02597
01922
00383
01026
03033
02220
03442
00526
00086
00876
01614
01315
01210
00813
03818
01337
00785
04104
03821
02871
03097
03086
00916
02064
00834
02578
01441
03786
00855
01791
02059
02339
02517
00106
03369
01032
03678
01422
00492
01994
03831
00264
03515
01215
01687
03944
02443
00040
02700
01063
01490
01406
00917
02714
01208
02023
03340
00371
02980
00262
02136
00113
01923
02998
02051
00680
00487
00712
02114
01546
03190
01904
01270
00435
02798
01358
00700
03073
02995
00555
01478
03900
00318
03541
03472
00351
02480
02166
01489
03732
01772
00176
01140
00489
00241
03173
00720
01561
00894
01898
00669
02513
03539
03968
02991
03368
02228
03751
01205
02489
01031
03289
02833
01421
00886
03594
00575
03324
02369
03923
03779
02923
00987
01959
02482
02749
03519
03170
03318
01634
01176
02557
00952
03374
03926
02087
02272
01565
01950
00379
02642
01223
00019
04082
02959
02970
03753
03852
01573
02130
03904
02876
02678
02573
00699
03592
01597
03041
02996
04052
02860
01848
01156
00857
02416
02824
01477
00701
03835
02366
00058
00403
00118
02359
00729
02017
03478
03588
00849
03960
02575
03200
03112
03745
03548
01331
00610
03290
03503
02666
02294
03956
02274
03046
01242
02550
02148
00453
04164
04019
03366
00545
02078
02014
03331
02256
02538
03891
03135
01532
04158
03164
01825
04079
02690
02733
01713
00802
03756
01443
02500
01081
00189
02972
03583
00966
03104
03002
02428
02398
02065
02901
00150
02470
03163
01472
03654
00042
01549
01371
00725
01771
02741
02376
00207
02983
00772
03553
01678
03859
00502
01459
00006
00444
00503
03945
03287
03138
02498
00579
00447
03665
03260
01386
02415
02712
02092
02463
00623
00612
03075
04137
00640
02736
04110
02198
01302
00080
00790
03669
03971
00144
02016
01623
01812
04055
03694
03846
03037
01676
00638
01915
00590
03959
00218
00815
03418
02153
03055
00293
03880
03330
03625
04021
00457
02639
00582
01945
03172
03304
03817
02658
01314
01535
00461
03964
02297
02407
00865
00752
00236
01638
02421
01135
04081
02165
01705
02582
03840
01056
03911
03699
03251
00989
00449
03799
02940
01808
02676
00438
01602
02076
03996
03036
01165
02205
00722
02286
03938
01819
01853
00300
00324
01436
01414
00901
01762
03064
03845
00484
00922
00222
02870
01934
02363
03440
00177
00259
00350
01993
03947
01908
01336
02491
03411
01044
03093
00146
02179
01264
03924
00996
03819
03336
03122
00940
01724
03765
01452
01177
03473
00126
03752
00646
03490
00454
00458
00705
02928
00920
02468
03723
03568
00824
00279
00082
01666
02735
01344
02038
01928
00609
03640
00397
04148
03860
04143
03210
02634
02433
00289
02886
02418
03245
03976
02186
02510
01164
00442
03278
01218
03335
02889
02803
01587
00807
00034
03627
02066
03972
00602
00285
02306
01763
03844
01684
02382
03857
02684
02631
01359
02607
01311
02352
00982
04157
00760
00967
00937
01130
01389
00780
00407
00330
03767
01528
03688
02780
03402
01911
02737
00256
04060
00565
02251
00658
00792
00515
00512
02894
01527
00462
01699
01657
00066
02401
02123
01563
03897
00103
03608
02117
00001
02832
01814
01035
03885
03613
01385
04163
00175
00283
02210
04140
03094
02467
02628
00069
01261
00018
03191
02730
03744
02020
03067
00988
02967
00426
01079
02093
02338
03892
03247
00714
01381
01432
03629
01084
03674
00422
04147
00460
02412
02181
00954
00363
01330
02194
00245
04134
04155
03142
03202
01241
01289
03661
03153
03461
02022
02127
02330
01721
00271
02962
00625
00173
02083
03072
01749
03768
02450
03725
04129
03100
01920
03066
02097
02689
00101
02096
00331
02233
01458
02360
02215
02142
02896
00477
00690
01195
03479
00626
00060
02427
00290
03348
02905
01875
00473
02321
01542
01675
03329
03822
00706
03615
03044
02801
00396
01275
01856
04199
03470
01440
02933
02717
01252
02830
01604
00656
03221
04189
03444
00056
00645
03184
02624
01430
02969
03545
02840
02536
02674
03367
03582
02845
02897
03838
02608
00063
02626
02641
01335
03915
00501
01300
01054
03793
01601
01080
00382
03453
01089
00381
00413
00657
01008
00493
00852
02287
03989
04009
03362
02058
01797
02708
01325
01933
00872
03689
04024
03316
02027
03540
00884
03782
03248
03630
00671
03783
00436
03317
01354
00851
01617
03127
01735
02971
00652
02336
00303
04136
00727
01571
04180
00273
04003
02643
00400
02234
00094
01626
00468
00578
03077
02373
04034
01369
03189
01708
04162
00015
02551
03020
03115
01850
03048
01345
02046
01719
01390
03207
00182
00276
01018
02589
02248
00586
03896
04152
03160
04061
00957
02958
03176
03958
02947
00919
03101
01997
01723
01740
04191
01274
01065
00568
01185
03165
00875
01834
03623
03789
01694
00742
02695
00932
00930
01203
02993
02904
02663
01246
03116
02213
02765
00847
01281
03668
00789
02767
01894
03709
00878
01285
00307
01082
00023
00926
01492
01456
02341
03281
00546
02320
02727
00424
02532
01410
03005
01893
02133
00198
00405
01038
04037
02521
04029
01175
01553
04176
04088
02866
00394
02200
03043
03239
03562
04070
00341
00654
02799
00431
01967
01859
01327
00491
00076
00903
00753
00709
02716
02355
02095
01616
03997
01355
02819
03379
01510
02015
02329
00918
03633
01387
02610
01696
01665
03951
02032
01838
02252
03816
03009
01787
00891
01106
02636
01346
02445
03521
00806
02333
02704
03875
02079
00842
03957
03935
03465
01896
00294
02255
03486
03482
00083
02944
02155
01672
00907
03887
03505
03029
01290
03449
01902
01342
01075
00128
04120
01288
02347
02755
00114
00021
00148
03587
01664
02395
00817
00837
02350
03836
01936
00085
03993
03218
02229
02627
00874
03530
02481
04112
00090
04084
01960
02292
00321
03700
03618
03314
00466
00596
00376
02326
03839
03856
01170
00345
01470
01133
02244
03399
00112
01172
03363
03141
02941
01000
03467
03593
00117
00097
00368
02565
02531
00860
00959
03731
03715
00335
01144
02477
00320
01226
02440
01222
02378
01166
02134
00240
02068
01517
02377
00793
02484
00981
03388
02984
02351
03213
02174
01162
02293
04181
04098
02042
03811
00965
00364
01578
01399
00048
03820
03291
00770
02781
01405
02861
00100
03642
02414
03775
02253
03555
00265
01976
00215
03750
01114
03651
02374
02883
00025
04198
02804
01663
00958
00547
00522
02942
00595
03644
02691
02249
02055
02868
01754
02267
03395
01779
00377
03643
03632
01394
00110
03376
03758
02934
03352
02245
03026
03008
02884
01580
01541
03006
00758
03438
01076
00953
02494
02237
03659
00479
04090
02379
01855
03196
02499
03219
02461
03358
03814
02049
03157
00445
01544
00258
02184
00378
00559
01380
02837
01515
03491
04077
00783
01480
02312
01495
02187
03788
00360
02882
03412
02344
03890
00171
01361
02592
03729
03922
03581
01316
02298
00979
00340
02748
01153
00833
01557
00472
03177
00859
00599
02315
01818
01709
01012
00191
03975
02268
01447
03920
03982
01235
04107
02455
03415
00655
03542
01742
02618
02567
01491
04011
01046
03537
02278
01758
03614
03230
03295
00529
01697
03004
00601
03484
00169
02547
02305
03109
02264
02406
03995
00209
02384
01488
04111
02651
02605
00421
01983
00158
02812
00778
00911
02031
02872
00352
00885
02062
01400
02054
02446
00315
01636
02241
01213
03349
02280
01860
01759
02949
00532
01368
02434
00467
02656
03502
00312
04085
02867
04103
02524
02540
03338
00948
00523
03785
00099
00782
01952
00159
00196
03328
03878
01438
03194
03256
00731
03770
03249
03024
01022
00667
03869
03128
00206
01574
01043
00642
03762
03755
04183
02235
00827
00675
02161
03301
02821
01560
02147
01237
01340
02556
03670
00726
01953
01131
02936
00398
03325
03436
01780
01554
02026
01110
03385
00202
03641
02362
02855
03722
03337
04094
02515
02337
01558
02823
02006
01548
01229
03543
01832
00804
03454
01586
03019
03589
02471
03990
03724
01727
02874
00635
03573
00777
02100
01240
01074
01947
03714
01804
01862
02204
04075
02522
01030
02086
02908
03962
02063
02013
03384
01505
00543
02731
02581
02549
02915
01873
02732
02044
01040
03579
03931
03953
00412
03987
01524
00322
01509
01191
03784
00095
03888
02698
02599
01251
03934
01639
00740
00248
02586
02611
03966
00868
01784
00781
02649
01503
03567
00178
01562
01514
00518
01536
03441
01475
01608
01120
00910
01286
03719
00747
03601
02208
01292
03673
00856
00446
00267
01889
03713
03279
03423
03410
01852
02688
02850
02957
03292
04186
01182
01167
01384
00702
00906
01946
02865
01840
03496
03596
03514
01745
02364
03679
00925
03969
00434
03404
03206
01193
03777
00049
03808
03708
00401
02192
00984
04138
